Blob #      Mean Intensity  Area   Perimeter    Centroid       Diameter
# 1              27.3     18324.0    532.3    362.2   1804.0    152.7
# 4              26.4     15535.0    532.9    545.5   3950.8    140.6
# 5              27.8     19338.0    586.2    636.3   2854.3    156.9
#11              27.5     16946.0    524.9    798.0   2251.4    146.9
#12              29.0     17270.0    512.9    799.3   1815.9    148.3
#13              28.9     15889.0    491.3    889.4   1232.9    142.2
#15              25.0     36212.0    803.6    984.3    923.9    214.7
#16              29.2     16064.0    481.9   1037.2   2155.1    143.0
#17              30.2     12684.0    452.7   1126.9   2945.9    127.1
#19              28.0     18146.0    512.9   1326.6   2017.0    152.0
#20              28.5     23378.0    603.6   1371.8   1698.5    172.5
#22              28.9     16642.0    503.4   1392.1   2560.0    145.6
#23              25.2     43935.0    967.9   1555.1    143.0    236.5
#24              26.9     25138.0    615.9   1630.1   1728.1    178.9
#25              27.3     19831.0    562.1   1637.7   3606.2    158.9
#26              27.5     19379.0    535.3   1642.3   3012.4    157.1
#27              29.2     17250.0    504.1   1704.6   3360.6    148.2
#28              28.2     16677.0    501.8   1780.7    913.1    145.7
#30              28.6     22785.0    572.7   1833.3   1676.1    170.3
#31              28.3     21652.0    574.4   1833.1   3512.0    166.0
#32              29.8     19442.0    545.0   1873.1   1316.4    157.3
#33              31.5     14566.0    459.1   1893.9   2746.0    136.2
#37              29.4     14377.0    455.3   2045.4   2686.2    135.3
#39              34.8      7563.0    352.3   2166.5   1011.3     98.1
#40              31.1     31844.0    717.0   2222.2   1551.3    201.4
#41              28.2     14122.0    447.8   2228.6   3882.7    134.1
#42              29.4     13902.0    449.9   2246.9    525.2    133.0
#43              50.2        54.0     47.9   2229.4      1.8      8.3
#44              26.7     38892.0    817.0   2354.1    126.7    222.5
#45              32.7     14837.0    448.2   2326.9   2151.8    137.4
#46              31.6     13893.0    466.6   2337.8   3345.2    133.0
#47              32.8      8558.0    363.0   2330.4   1857.9    104.4
#48              28.9      9946.0    374.9   2370.5   1187.1    112.5
#49              31.8     14625.0    452.7   2419.3   2845.9    136.5
#50              26.9     11591.0    491.6   2555.7   3970.2    121.5
#51              28.9     14687.0    442.5   2524.2    665.2    136.7
#52              31.0     15775.0    476.1   2606.6   1219.8    141.7
#53              27.9     15450.0    465.6   2639.1    457.0    140.3
#54              29.6     23961.0    608.1   2760.9   3170.6    174.7
#55              33.0     20785.0    553.9   2770.7   2401.0    162.7
#56              30.5     15030.0    462.3   2798.8   3385.1    138.3
#57              29.2     41606.0    827.0   2988.7   1583.0    230.2
#58              28.8     28881.0    660.9   2979.5   3768.2    191.8
#59              28.0     25911.0    616.4   3017.9    392.1    181.6
#61              55.3        98.0     38.8   3068.8   1808.6     11.2
#62              31.4     20210.0    556.7   3177.8   2898.3    160.4
#63              30.6      2431.0    246.5   3178.4     15.7     55.6
#64              30.0     14437.0    438.0   3235.0    875.7    135.6
#65              56.2        15.0     14.7   3195.4   1992.9      4.4
#66              30.9     22397.0    594.8   3294.7   1999.9    168.9
#67              29.7     29868.0    695.8   3352.7   1584.2    195.0
#68              26.9     27549.0    660.4   3377.3    276.6    187.3
#69              30.0     14332.0    439.8   3380.8   2484.8    135.1
#70              27.5     14228.0    440.4   3391.6   3757.6    134.6
#71              29.8     13549.0    471.5   3413.6   1223.9    131.3
#72              31.1     19295.0    526.0   3469.0   3107.9    156.7
#73              30.4     24214.0    611.4   3513.7   2266.8    175.6
#74              28.4     20924.0    548.1   3588.2    938.3    163.2
#75              27.9     14576.0    450.0   3590.2   3748.2    136.2
#76              31.6     11238.0    409.9   3592.4    645.2    119.6
#77              27.7     16667.0    484.5   3696.5    314.9    145.7
#78              31.3     16304.0    540.4   3699.3   1955.9    144.1
#79              30.2     23272.0    591.3   3734.5   2463.3    172.1
#80              27.4      8658.0    384.5   3853.7     31.2    105.0
#81              29.0     15629.0    481.9   3894.9    982.6    141.1
#82              29.7     16072.0    500.2   3951.8   3746.4    143.1
#83              29.0     21244.0    563.7   3970.1   3022.8    164.5
#84              29.3     23436.0    581.8   4023.9   1895.5    172.7
#85              27.3     15567.0    465.4   4001.4   3446.1    140.8
#86              29.2     17747.0    494.5   4062.9   1495.9    150.3
#87              25.9     18795.0    525.0   4103.9    110.1    154.7
#88              29.2     13269.0    434.7   4146.3   1155.0    130.0
#89              30.2      9136.0    404.3   4142.4    430.3    107.9
#90              29.5     14014.0    468.0   4200.1   3180.7    133.6
#91              27.6     26115.0    632.9   4345.8   1334.0    182.3
#92              23.9     21682.0    570.3   4356.0     71.2    166.2
#93              31.2     15021.0    493.9   4350.6   1993.5    138.3
#94              28.6     15156.0    465.4   4380.5   2507.4    138.9
#95              25.8     28882.0    684.2   4421.9    611.8    191.8
#96              27.8     15326.0    475.6   4496.3   3302.5    139.7
#97              28.0     18374.0    523.1   4611.5   1657.4    153.0
#98              27.4     21206.0    574.3   4632.3   1116.9    164.3
#99              25.7     17540.0    502.9   4683.2    572.0    149.4
#100              28.9     17241.0    507.0   4730.2   2235.7    148.2
#101              26.1     19659.0    567.5   4755.5   3751.6    158.2
#102              28.0     20938.0    572.4   4785.8   2853.4    163.3
#103              29.5      2078.0    233.4   4801.9   3989.3     51.4
#104              25.3     24124.0    613.7   4886.4    102.9    175.3
#105              27.6     17365.0    510.6   4883.0   3427.2    148.7
#106              27.2     14818.0    453.5   4894.3   1573.9    137.4
#107              27.7     13316.0    440.8   5019.5   3026.3    130.2
#108              21.7     15749.0    472.5   5032.2    802.2    141.6
#109              27.3     15058.0    460.2   5096.7   2175.2    138.5
#110              24.6     30417.0    698.4   5272.9    951.9    196.8
#111              25.5     29561.0    719.5   5408.9   2873.8    194.0
#115              24.3     32520.0    774.1   5512.6    597.1    203.5
#116              25.3     24519.0    638.8   5538.9   3569.4    176.7
#119              26.6     15897.0    490.5   5567.5   2125.7    142.3
#120              25.3     21672.0    603.9   5603.0   2586.6    166.1
#123              26.1     16072.0    512.2   5747.1   3480.7    143.1
#127              24.6     16404.0    509.3   5785.3   2078.8    144.5
#130              23.8     21601.0    633.5   5938.2   1113.7    165.8
#132              25.8      6839.0    443.2   5976.0    343.1     93.3
#133              58.3         3.0      3.9   5942.0    314.0      2.0
#137              41.6      1671.0    251.7   5981.2     20.1     46.1
#150              47.1       704.0    186.3   5994.9   3604.7     29.9
