Blob #      Mean Intensity  Area   Perimeter    Centroid       Diameter
# 8              21.8     18328.0    543.8    337.5   2994.6    152.8
#10              22.4     15295.0    486.8    629.8   3292.2    139.5
#11              22.9     17899.0    526.2    637.4   3881.4    151.0
#12              21.9     15622.0    478.5    664.3   1696.0    141.0
#14              21.2     13114.0    429.4    717.1   2751.3    129.2
#17              39.1       480.0    145.6   1074.8      4.3     24.7
#18              24.4     12543.0    443.3   1277.9   2391.3    126.4
#19              23.2     14367.0    443.7   1329.1   1414.5    135.3
#20              21.8     15680.0    470.3   1359.1    684.8    141.3
#21              24.1     12254.0    429.3   1431.2   3811.6    124.9
#22              22.9     17763.0    500.2   1525.8    998.0    150.4
#23              22.4     19917.0    554.8   1568.3   3291.8    159.2
#24              22.1     13456.0    429.6   1832.8   3607.2    130.9
#25              23.9     15808.0    459.6   1847.8   2068.2    141.9
#26              21.9     18162.0    533.8   1934.5    505.1    152.1
#27              22.1     15062.0    451.7   1976.1    765.2    138.5
#29              22.5     12590.0    410.7   2017.1   1293.8    126.6
#30              25.0     10193.0    400.1   2041.5   2576.2    113.9
#31              22.6     13288.0    443.7   2123.5    850.9    130.1
#32              24.1     16329.0    494.9   2187.8   2143.7    144.2
#33              23.8     15401.0    474.5   2240.2   1629.4    140.0
#34              45.2       366.0     67.1   2189.9   1464.0     21.6
#35              22.7     13701.0    446.5   2298.0   3309.8    132.1
#36              23.2     15835.0    540.3   2310.0    618.4    142.0
#37              34.7       605.0    140.8   2294.5   3994.4     27.8
#38              22.6     12790.0    408.2   2409.4   1062.5    127.6
#39              23.1     14207.0    437.6   2538.3   1850.1    134.5
#40              55.9        55.0     39.1   2487.1    202.2      8.4
#41              21.4      9039.0    421.0   2611.6     30.1    107.3
#42              23.7     17021.0    501.1   2660.5   2718.0    147.2
#43              24.7     12855.0    412.8   2705.0   2180.1    127.9
#44              22.6     18826.0    537.6   2785.1   1617.3    154.8
#45              23.5     15870.0    478.8   2818.8   2384.5    142.1
#46              23.5     16393.0    504.3   2868.9    214.2    144.5
#47              27.4     12212.0    484.7   2907.4   3151.5    124.7
#48              21.3     15144.0    457.0   2944.6   1025.7    138.9
#49              23.8     20220.0    549.9   2998.5   1703.0    160.5
#50              22.3     15741.0    473.3   2982.6    705.7    141.6
#51              22.9     12089.0    398.5   2986.2   2263.2    124.1
#52              23.3     13927.0    425.3   3019.0   2581.6    133.2
#53              23.2     12035.0    404.9   3073.4   2759.0    123.8
#54              22.3     22198.0    564.1   3105.6   3922.0    168.1
#55              21.4     16580.0    479.7   3139.2    831.6    145.3
#56              23.3     13961.0    452.9   3213.5   3076.1    133.3
#57              22.1     30047.0    832.1   3310.1   1248.3    195.6
#58              23.5     12716.0    429.0   3330.5   1726.7    127.2
#59              23.2     16297.0    479.6   3402.3   2079.0    144.0
#61              23.0     15516.0    480.4   3446.4   3170.5    140.6
#62              21.1     14619.0    471.4   3529.6   1481.0    136.4
#63              53.4        25.0     17.6   3527.8   3387.3      5.6
#64              23.0     15121.0    469.6   3617.3   1637.9    138.8
#65              23.9     16899.0    495.9   3655.5   2649.0    146.7
#66              23.4     13081.0    432.1   3658.9     85.7    129.1
#67              23.5      8710.0    358.5   3650.3   1328.4    105.3
#68              23.4     13017.0    441.2   3672.9   2920.6    128.7
#69              23.2      9252.0    354.3   3839.9   1315.7    108.5
#70              21.1     17621.0    514.6   3902.5   3471.5    149.8
#71              21.2     16086.0    489.2   3900.3   3941.2    143.1
#72              23.2     16207.0    475.8   3946.8   2253.9    143.7
#73              21.9     13840.0    431.5   3948.7   1634.5    132.7
#74              21.7     19217.0    520.3   4088.2   2032.9    156.4
#75              22.0     17323.0    504.9   4093.1   1259.1    148.5
#76              24.0     14695.0    464.5   4111.1    341.5    136.8
#77              23.2     11709.0    409.6   4352.7   2889.7    122.1
#78              22.8     13372.0    422.8   4443.3   1934.0    130.5
#79              21.2     11903.0    414.5   4487.0   2226.5    123.1
#80              22.2     14182.0    435.9   4541.5   1573.3    134.4
#81              21.9     17222.0    511.9   4580.2   3307.7    148.1
#82              21.7     18892.0    537.8   4635.4    250.4    155.1
#83              22.5     16661.0    480.5   4641.6   2586.0    145.6
#84              22.0     18391.0    518.3   4660.1    789.2    153.0
#85              20.7     15842.0    509.9   4667.8   2262.7    142.0
#86              21.6     16938.0    501.3   4765.4   3595.1    146.9
#87              21.0     13808.0    447.5   4765.2   2048.7    132.6
#88              47.7       151.0     45.4   4765.1   2923.6     13.9
#89              21.1     15825.0    477.1   4929.3   2925.6    141.9
#90              22.4     10477.0    383.1   4924.2   2274.0    115.5
#91              20.8     18754.0    550.0   4961.0   1199.2    154.5
#92              21.8     15961.0    482.2   4971.5   1437.6    142.6
#94              21.9     19711.0    543.8   5077.0   3247.0    158.4
#97              23.7     17469.0    550.4   5241.5    372.8    149.1
#98              20.3     23337.0    616.7   5271.5   3370.9    172.4
#100              21.3     16804.0    505.3   5335.6   2762.4    146.3
#101              21.1     20007.0    564.6   5374.2   3044.1    159.6
#102              21.8     16368.0    486.3   5407.8   1865.8    144.4
#104              20.6     24868.0    629.3   5444.2   2300.5    177.9
#107              21.4      8821.0    410.0   5597.8   3969.4    106.0
#108              22.2     14866.0    467.7   5662.2   1298.3    137.6
#110              21.7     18053.0    541.0   5685.9   2057.4    151.6
#111              21.9     30819.0    862.0   5836.2   2842.0    198.1
#112              20.6     22910.0    636.1   5800.8   1498.9    170.8
#114              21.2     16566.0    504.7   5887.1   1264.5    145.2
#120              20.5     13053.0    473.0   5954.7   1747.6    128.9
